list(y=c(1.00000E+00, 1.00000E+00, 1.00000E+00, 1.00000E+00, 1.00000E+00, 1.00000E+00, 1.00000E+00, 1.00000E+00, 1.00000E+00, 1.00000E+00, 1.00000E+00, 1.00000E+00, 1.00000E+00, 1.00000E+00, 1.00000E+00, 1.00000E+00, 1.00000E+00, 1.00000E+00, 1.00000E+00, 1.00000E+00, 1.00000E+00, 1.00000E+00, 1.00000E+00, 1.00000E+00, 1.00000E+00, 1.00000E+00, 1.00000E+00, 1.00000E+00, 1.00000E+00, 1.00000E+00, 1.00000E+00, 1.00000E+00, 1.00000E+00, 1.00000E+00, 1.00000E+00, 1.00000E+00, 1.00000E+00, 1.00000E+00, 1.00000E+00, 1.00000E+00, 1.00000E+00, 1.00000E+00, 1.00000E+00, 1.00000E+00, 1.00000E+00, 1.00000E+00, 1.00000E+00, 1.00000E+00, 1.00000E+00, 1.00000E+00, 1.00000E+00, 1.00000E+00, 1.00000E+00, 1.00000E+00, 1.00000E+00, 1.00000E+00, 1.00000E+00, 1.00000E+00, 1.00000E+00, 1.00000E+00, 1.00000E+00, 1.00000E+00, 1.00000E+00, 1.00000E+00, 1.00000E+00, 1.00000E+00, 1.00000E+00, 1.00000E+00, 1.00000E+00, 1.00000E+00, 1.00000E+00, 2.00000E+00, 2.00000E+00, 2.00000E+00, 2.00000E+00, 2.00000E+00, 2.00000E+00, 2.00000E+00, 2.00000E+00, 2.00000E+00, 2.00000E+00, 2.00000E+00, 2.00000E+00, 2.00000E+00, 2.00000E+00, 2.00000E+00, 2.00000E+00, 2.00000E+00, 2.00000E+00, 2.00000E+00, 2.00000E+00, 2.00000E+00, 2.00000E+00, 2.00000E+00, 2.00000E+00, 2.00000E+00, 2.00000E+00, 2.00000E+00, 2.00000E+00, 3.00000E+00, 3.00000E+00, 3.00000E+00, 3.00000E+00, 3.00000E+00, 4.00000E+00, 4.00000E+00, 5.00000E+00, 5.00000E+00, 6.00000E+00), N=1.09000E+02)
