list(y=1.20000E+01)
